beta   = 5.07895e-08
radius = 1
length = 0.31
dx     = 0.0001
dr     = 0.02
N      = 3101
M      = 51
B = 5.07895   A = 2500
C = 
inf 1250 625 416.667 312.5 250 208.333 178.571 156.25 138.889 125 113.636 104.167 96.1538 89.2857 83.3333 78.125 73.5294 69.4444 65.7895 62.5 59.5238 56.8182 54.3478 52.0833 50 48.0769 46.2963 44.6429 43.1034 41.6667 40.3226 39.0625 37.8788 36.7647 35.7143 34.7222 33.7838 32.8947 32.0513 31.25 30.4878 29.7619 29.0698 28.4091 27.7778 27.1739 26.5957 26.0417 25.5102 25 
D = 
10000 9996 9984 9964 9936 9900 9856 9804 9744 9676 9600 9516 9424 9324 9216 9100 8976 8844 8704 8556 8400 8236 8064 7884 7696 7500 7296 7084 6864 6636 6400 6156 5904 5644 5376 5100 4816 4524 4224 3916 3600 3276 2944 2604 2256 1900 1536 1164 784 396 0 
